Group 0:
openapi (3) copy.yaml
openapi (3).yaml

Group 1:
openapi (4).yaml

Group 2:
openapi (5).yaml
openapi_2.yaml
openapi.yaml

Group 3:
openapi (4) copy.yaml


SSE: 4272.363904420421

Centroides: 
[[ 26.94650856  17.28621753   8.10991004  18.87382069   3.97367171
   22.87202491  19.64619247  35.77111443  25.24172041  22.72586068
   27.70464631  24.48397038  28.02362137  11.60557199  11.67246289
    1.40422214  13.70977582  18.87330312   7.87355291  25.63543205
   17.36363033  17.35356002  22.4362463   25.95075984  29.41983031
   42.19901258  35.59507463  20.53821479  31.49385161  21.18874084
   28.6837904   27.2121694   25.35956251  35.63125979  38.27531586
   13.88161946  32.72872863  23.76537546  28.77972572  11.56868689
   38.5706101   37.87472222  35.9872679   37.2904483   33.72153878
   27.09726538]
 [ 63.53893452  53.08994951  50.50063364  52.79500891  47.72502564
   66.89977136  69.99131702  68.33420096  87.01806094  78.04093645
   86.97172155  79.37506015  59.07810369  76.93870679  38.97978479
   33.64947289  52.66657635  60.32537453  37.95528477  77.48171187
   52.22485552  51.31993007  65.70720345  62.93182246  46.67105923
   55.13583881  55.14787379  51.61400005  57.68966335  33.8482025
   43.26550224  53.77193835  34.30264522  58.95963148  58.90849004
   43.49214385  48.79837835  37.10377385  37.95485351   5.91538212
   65.99229707  54.36661326  47.15882521  53.34582783  45.11140258
   39.34088514]
 [  6.9888168    3.97533656   2.01632784   4.04806728   1.10795084
    3.83897895   3.85091252   7.62719716   5.23653534   4.94402359
    5.80423871   4.67755322   5.96499607   3.0814227    3.02633996
    0.28179758   3.66427839   4.5229887    2.02732975   5.90903993
    4.07790401   4.23564438   4.55886907   6.5909582    7.31809513
    7.19548486   7.63076855   4.10748951   6.15335139   3.79559462
    4.92522665   4.88224503   4.03955584   7.17154138   7.82603962
    3.63566912   5.51459014   4.38657349   6.47224609   2.8402216
    7.87567537   7.12971872   6.41663925   6.69255587   5.77420091
    8.98933129]
 [ 75.13883647  47.77343952  24.70140125  52.98198817  13.87259127
   58.85106694  63.62380414  95.05361496  85.85435582  76.82800091
   86.45813279  81.74712143  78.50009398  43.5546674   27.48567396
   15.42594291  31.93186936  58.7953826   43.76891486  73.64048217
   48.05033735  50.4910873   70.91852315  64.24466546  86.92619035
   99.16644849  92.75269437  87.42206394 109.76646941  72.42022376
   91.42217096 102.65709483  80.00339704 102.9148467  100.38377247
   58.40622745 101.51580506  73.34127474  81.06543632  34.83789094
  111.19817407  97.82066855  97.18000607  97.82516332  94.14517546
   46.60730612]]