openapi (4).yaml: [5.86681806e-043 6.64205289e-312 1.25961445e-049 3.33756226e-145
 6.02409509e-003 2.13801445e-027 1.29342872e-009 0.00000000e+000
 0.00000000e+000 0.00000000e+000]
openapi_2.yaml: [0.00000000e+00 0.00000000e+00 0.00000000e+00 0.00000000e+00
 4.54547395e-02 0.00000000e+00 0.00000000e+00 0.00000000e+00
 0.00000000e+00 4.26883414e-06]
openapi.yaml: [0.00000000e+00 0.00000000e+00 0.00000000e+00 0.00000000e+00
 2.77816032e-03 0.00000000e+00 0.00000000e+00 5.26316002e-02
 1.18070817e-09 0.00000000e+00]
openapi (3).yaml: [0.00000000e+00 0.00000000e+00 0.00000000e+00 0.00000000e+00
 1.01683472e-07 0.00000000e+00 0.00000000e+00 1.84819052e-09
 0.00000000e+00 1.10531839e-42]
openapi (1).yaml: [0.  0.  0.  0.  0.2 0.  0.  0.  0.  0. ]
