/api/auth/introspect:
  get:
    Descripcion: description generate chat gpt
    Vector de grupo: [0.63174676 0.49394662 0.25352565 0.44702098 0.1262546  0.4429138
 0.41661715 0.66328231 0.48951966 0.5179038  0.54345495 0.45861778
 0.5703481  0.29783595 0.33049196 0.07215359 0.45226778 0.35111036
 0.12458233 0.52866504 0.36271357 0.83224984 0.46249154 1.
 0.41631317 0.47975179 0.52469409 0.25899399 0.43379073 0.24090964
 0.25780835 0.29968798 0.23031596 0.46718666 0.5602872  0.19985058
 0.34687932 0.27507398 0.44813131 0.09105854 0.5503164  0.4721513
 0.40978143 0.43644593 0.3296752  0.44738776]
/api/v1/auditevents:
  post:
    Descripcion: endpoint require json web token auditevent feature
    Vector de grupo: [ 0.4655284   0.26903755  0.19753737  0.26845704  0.13277839  0.21466548
  0.24108753  0.42131906  0.29566956  0.25251147  0.35938299  0.25341847
  0.26500364  0.23593441  0.29838712 -0.03357856  0.33470265  0.27615098
  0.02384131  0.40899385  0.23449187  0.22598946  0.25032717  0.44738776
  0.21367399  0.28759581  0.41364362  0.13465689  0.20419506  0.09685864
  0.11731917  0.10909971  0.09123202  0.3406521   0.43288735  0.20893386
  0.17438669  0.11766797  0.20453432 -0.04204669  0.38624136  0.32860798
  0.24809709  0.26596899  0.18206463  1.        ]
/api/v1/itemusages:
  post:
    Descripcion: endpoint require json web token itemusage feature
    Vector de grupo: [ 0.4655284   0.26903755  0.19753737  0.26845704  0.13277839  0.21466548
  0.24108753  0.42131906  0.29566956  0.25251147  0.35938299  0.25341847
  0.26500364  0.23593441  0.29838712 -0.03357856  0.33470265  0.27615098
  0.02384131  0.40899385  0.23449187  0.22598946  0.25032717  0.44738776
  0.21367399  0.28759581  0.41364362  0.13465689  0.20419506  0.09685864
  0.11731917  0.10909971  0.09123202  0.3406521   0.43288735  0.20893386
  0.17438669  0.11766797  0.20453432 -0.04204669  0.38624136  0.32860798
  0.24809709  0.26596899  0.18206463  1.        ]
/api/v1/signinattempts:
  post:
    Descripcion: endpoint require json web token signinattempt feature
    Vector de grupo: [ 0.4655284   0.26903755  0.19753737  0.26845704  0.13277839  0.21466548
  0.24108753  0.42131906  0.29566956  0.25251147  0.35938299  0.25341847
  0.26500364  0.23593441  0.29838712 -0.03357856  0.33470265  0.27615098
  0.02384131  0.40899385  0.23449187  0.22598946  0.25032717  0.44738776
  0.21367399  0.28759581  0.41364362  0.13465689  0.20419506  0.09685864
  0.11731917  0.10909971  0.09123202  0.3406521   0.43288735  0.20893386
  0.17438669  0.11766797  0.20453432 -0.04204669  0.38624136  0.32860798
  0.24809709  0.26596899  0.18206463  1.        ]
/api/v2/auth/introspect:
  get:
    Descripcion: description generate chat gpt
    Vector de grupo: [ 0.4655284   0.26903755  0.19753737  0.26845704  0.13277839  0.21466548
  0.24108753  0.42131906  0.29566956  0.25251147  0.35938299  0.25341847
  0.26500364  0.23593441  0.29838712 -0.03357856  0.33470265  0.27615098
  0.02384131  0.40899385  0.23449187  0.22598946  0.25032717  0.44738776
  0.21367399  0.28759581  0.41364362  0.13465689  0.20419506  0.09685864
  0.11731917  0.10909971  0.09123202  0.3406521   0.43288735  0.20893386
  0.17438669  0.11766797  0.20453432 -0.04204669  0.38624136  0.32860798
  0.24809709  0.26596899  0.18206463  1.        ]
