/:
  options:
    Descripcion: description generate chat gpt
    Vector de grupo: [0.49410889 0.33946069 0.131357   0.37541282 0.0385723  0.48259391
 0.40788485 0.73451097 0.52370022 0.46899321 0.55115421 0.51355255
 0.6099699  0.19935723 0.19418334 0.05935688 0.21384073 0.37422721
 0.18368757 0.47846044 0.35407832 0.34931411 0.48626651 0.47975179
 0.65663668 1.         0.70664902 0.46996284 0.70768276 0.48421219
 0.67184548 0.63788125 0.58939485 0.75172468 0.77764242 0.26004401
 0.74768847 0.53940144 0.63593875 0.29737967 0.82665153 0.79620304
 0.79788631 0.83187748 0.75797037 0.28759581]
  x-amazon-apigateway-any-method:
    Descripcion: description generate chat gpt
    Vector de grupo: [0.49410889 0.33946069 0.131357   0.37541282 0.0385723  0.48259391
 0.40788485 0.73451097 0.52370022 0.46899321 0.55115421 0.51355255
 0.6099699  0.19935723 0.19418334 0.05935688 0.21384073 0.37422721
 0.18368757 0.47846044 0.35407832 0.34931411 0.48626651 0.47975179
 0.65663668 1.         0.70664902 0.46996284 0.70768276 0.48421219
 0.67184548 0.63788125 0.58939485 0.75172468 0.77764242 0.26004401
 0.74768847 0.53940144 0.63593875 0.29737967 0.82665153 0.79620304
 0.79788631 0.83187748 0.75797037 0.28759581]
/account:
  options:
    Descripcion: description generate chat gpt
    Vector de grupo: [0.49410889 0.33946069 0.131357   0.37541282 0.0385723  0.48259391
 0.40788485 0.73451097 0.52370022 0.46899321 0.55115421 0.51355255
 0.6099699  0.19935723 0.19418334 0.05935688 0.21384073 0.37422721
 0.18368757 0.47846044 0.35407832 0.34931411 0.48626651 0.47975179
 0.65663668 1.         0.70664902 0.46996284 0.70768276 0.48421219
 0.67184548 0.63788125 0.58939485 0.75172468 0.77764242 0.26004401
 0.74768847 0.53940144 0.63593875 0.29737967 0.82665153 0.79620304
 0.79788631 0.83187748 0.75797037 0.28759581]
  post:
    Descripcion: create new account
    Vector de grupo: [0.49410889 0.33946069 0.131357   0.37541282 0.0385723  0.48259391
 0.40788485 0.73451097 0.52370022 0.46899321 0.55115421 0.51355255
 0.6099699  0.19935723 0.19418334 0.05935688 0.21384073 0.37422721
 0.18368757 0.47846044 0.35407832 0.34931411 0.48626651 0.47975179
 0.65663668 1.         0.70664902 0.46996284 0.70768276 0.48421219
 0.67184548 0.63788125 0.58939485 0.75172468 0.77764242 0.26004401
 0.74768847 0.53940144 0.63593875 0.29737967 0.82665153 0.79620304
 0.79788631 0.83187748 0.75797037 0.28759581]
/account/{id}:
  get:
    Descripcion: account balance
    Vector de grupo: [0.49410889 0.33946069 0.131357   0.37541282 0.0385723  0.48259391
 0.40788485 0.73451097 0.52370022 0.46899321 0.55115421 0.51355255
 0.6099699  0.19935723 0.19418334 0.05935688 0.21384073 0.37422721
 0.18368757 0.47846044 0.35407832 0.34931411 0.48626651 0.47975179
 0.65663668 1.         0.70664902 0.46996284 0.70768276 0.48421219
 0.67184548 0.63788125 0.58939485 0.75172468 0.77764242 0.26004401
 0.74768847 0.53940144 0.63593875 0.29737967 0.82665153 0.79620304
 0.79788631 0.83187748 0.75797037 0.28759581]
  options:
    Descripcion: description generate chat gpt
    Vector de grupo: [0.49410889 0.33946069 0.131357   0.37541282 0.0385723  0.48259391
 0.40788485 0.73451097 0.52370022 0.46899321 0.55115421 0.51355255
 0.6099699  0.19935723 0.19418334 0.05935688 0.21384073 0.37422721
 0.18368757 0.47846044 0.35407832 0.34931411 0.48626651 0.47975179
 0.65663668 1.         0.70664902 0.46996284 0.70768276 0.48421219
 0.67184548 0.63788125 0.58939485 0.75172468 0.77764242 0.26004401
 0.74768847 0.53940144 0.63593875 0.29737967 0.82665153 0.79620304
 0.79788631 0.83187748 0.75797037 0.28759581]
/block:
  get:
    Descripcion: access detailed block information
    Vector de grupo: [0.49410889 0.33946069 0.131357   0.37541282 0.0385723  0.48259391
 0.40788485 0.73451097 0.52370022 0.46899321 0.55115421 0.51355255
 0.6099699  0.19935723 0.19418334 0.05935688 0.21384073 0.37422721
 0.18368757 0.47846044 0.35407832 0.34931411 0.48626651 0.47975179
 0.65663668 1.         0.70664902 0.46996284 0.70768276 0.48421219
 0.67184548 0.63788125 0.58939485 0.75172468 0.77764242 0.26004401
 0.74768847 0.53940144 0.63593875 0.29737967 0.82665153 0.79620304
 0.79788631 0.83187748 0.75797037 0.28759581]
  options:
    Descripcion: description generate chat gpt
    Vector de grupo: [0.49410889 0.33946069 0.131357   0.37541282 0.0385723  0.48259391
 0.40788485 0.73451097 0.52370022 0.46899321 0.55115421 0.51355255
 0.6099699  0.19935723 0.19418334 0.05935688 0.21384073 0.37422721
 0.18368757 0.47846044 0.35407832 0.34931411 0.48626651 0.47975179
 0.65663668 1.         0.70664902 0.46996284 0.70768276 0.48421219
 0.67184548 0.63788125 0.58939485 0.75172468 0.77764242 0.26004401
 0.74768847 0.53940144 0.63593875 0.29737967 0.82665153 0.79620304
 0.79788631 0.83187748 0.75797037 0.28759581]
/block/{id}:
  get:
    Descripcion: information particular block
    Vector de grupo: [0.49410889 0.33946069 0.131357   0.37541282 0.0385723  0.48259391
 0.40788485 0.73451097 0.52370022 0.46899321 0.55115421 0.51355255
 0.6099699  0.19935723 0.19418334 0.05935688 0.21384073 0.37422721
 0.18368757 0.47846044 0.35407832 0.34931411 0.48626651 0.47975179
 0.65663668 1.         0.70664902 0.46996284 0.70768276 0.48421219
 0.67184548 0.63788125 0.58939485 0.75172468 0.77764242 0.26004401
 0.74768847 0.53940144 0.63593875 0.29737967 0.82665153 0.79620304
 0.79788631 0.83187748 0.75797037 0.28759581]
  options:
    Descripcion: description generate chat gpt
    Vector de grupo: [0.49410889 0.33946069 0.131357   0.37541282 0.0385723  0.48259391
 0.40788485 0.73451097 0.52370022 0.46899321 0.55115421 0.51355255
 0.6099699  0.19935723 0.19418334 0.05935688 0.21384073 0.37422721
 0.18368757 0.47846044 0.35407832 0.34931411 0.48626651 0.47975179
 0.65663668 1.         0.70664902 0.46996284 0.70768276 0.48421219
 0.67184548 0.63788125 0.58939485 0.75172468 0.77764242 0.26004401
 0.74768847 0.53940144 0.63593875 0.29737967 0.82665153 0.79620304
 0.79788631 0.83187748 0.75797037 0.28759581]
/block/{id}/transaction:
  get:
    Descripcion: transaction count block
    Vector de grupo: [0.49410889 0.33946069 0.131357   0.37541282 0.0385723  0.48259391
 0.40788485 0.73451097 0.52370022 0.46899321 0.55115421 0.51355255
 0.6099699  0.19935723 0.19418334 0.05935688 0.21384073 0.37422721
 0.18368757 0.47846044 0.35407832 0.34931411 0.48626651 0.47975179
 0.65663668 1.         0.70664902 0.46996284 0.70768276 0.48421219
 0.67184548 0.63788125 0.58939485 0.75172468 0.77764242 0.26004401
 0.74768847 0.53940144 0.63593875 0.29737967 0.82665153 0.79620304
 0.79788631 0.83187748 0.75797037 0.28759581]
  options:
    Descripcion: description generate chat gpt
    Vector de grupo: [0.49410889 0.33946069 0.131357   0.37541282 0.0385723  0.48259391
 0.40788485 0.73451097 0.52370022 0.46899321 0.55115421 0.51355255
 0.6099699  0.19935723 0.19418334 0.05935688 0.21384073 0.37422721
 0.18368757 0.47846044 0.35407832 0.34931411 0.48626651 0.47975179
 0.65663668 1.         0.70664902 0.46996284 0.70768276 0.48421219
 0.67184548 0.63788125 0.58939485 0.75172468 0.77764242 0.26004401
 0.74768847 0.53940144 0.63593875 0.29737967 0.82665153 0.79620304
 0.79788631 0.83187748 0.75797037 0.28759581]
/block/{id}/transaction/{index}:
  get:
    Descripcion: information particular transaction block
    Vector de grupo: [0.49410889 0.33946069 0.131357   0.37541282 0.0385723  0.48259391
 0.40788485 0.73451097 0.52370022 0.46899321 0.55115421 0.51355255
 0.6099699  0.19935723 0.19418334 0.05935688 0.21384073 0.37422721
 0.18368757 0.47846044 0.35407832 0.34931411 0.48626651 0.47975179
 0.65663668 1.         0.70664902 0.46996284 0.70768276 0.48421219
 0.67184548 0.63788125 0.58939485 0.75172468 0.77764242 0.26004401
 0.74768847 0.53940144 0.63593875 0.29737967 0.82665153 0.79620304
 0.79788631 0.83187748 0.75797037 0.28759581]
  options:
    Descripcion: description generate chat gpt
    Vector de grupo: [0.49410889 0.33946069 0.131357   0.37541282 0.0385723  0.48259391
 0.40788485 0.73451097 0.52370022 0.46899321 0.55115421 0.51355255
 0.6099699  0.19935723 0.19418334 0.05935688 0.21384073 0.37422721
 0.18368757 0.47846044 0.35407832 0.34931411 0.48626651 0.47975179
 0.65663668 1.         0.70664902 0.46996284 0.70768276 0.48421219
 0.67184548 0.63788125 0.58939485 0.75172468 0.77764242 0.26004401
 0.74768847 0.53940144 0.63593875 0.29737967 0.82665153 0.79620304
 0.79788631 0.83187748 0.75797037 0.28759581]
/blockchain:
  get:
    Descripcion: list support blockchain
    Vector de grupo: [0.49410889 0.33946069 0.131357   0.37541282 0.0385723  0.48259391
 0.40788485 0.73451097 0.52370022 0.46899321 0.55115421 0.51355255
 0.6099699  0.19935723 0.19418334 0.05935688 0.21384073 0.37422721
 0.18368757 0.47846044 0.35407832 0.34931411 0.48626651 0.47975179
 0.65663668 1.         0.70664902 0.46996284 0.70768276 0.48421219
 0.67184548 0.63788125 0.58939485 0.75172468 0.77764242 0.26004401
 0.74768847 0.53940144 0.63593875 0.29737967 0.82665153 0.79620304
 0.79788631 0.83187748 0.75797037 0.28759581]
  options:
    Descripcion: description generate chat gpt
    Vector de grupo: [0.49410889 0.33946069 0.131357   0.37541282 0.0385723  0.48259391
 0.40788485 0.73451097 0.52370022 0.46899321 0.55115421 0.51355255
 0.6099699  0.19935723 0.19418334 0.05935688 0.21384073 0.37422721
 0.18368757 0.47846044 0.35407832 0.34931411 0.48626651 0.47975179
 0.65663668 1.         0.70664902 0.46996284 0.70768276 0.48421219
 0.67184548 0.63788125 0.58939485 0.75172468 0.77764242 0.26004401
 0.74768847 0.53940144 0.63593875 0.29737967 0.82665153 0.79620304
 0.79788631 0.83187748 0.75797037 0.28759581]
/blockchain/{id}:
  get:
    Descripcion: information blockchain woth give d
    Vector de grupo: [0.49410889 0.33946069 0.131357   0.37541282 0.0385723  0.48259391
 0.40788485 0.73451097 0.52370022 0.46899321 0.55115421 0.51355255
 0.6099699  0.19935723 0.19418334 0.05935688 0.21384073 0.37422721
 0.18368757 0.47846044 0.35407832 0.34931411 0.48626651 0.47975179
 0.65663668 1.         0.70664902 0.46996284 0.70768276 0.48421219
 0.67184548 0.63788125 0.58939485 0.75172468 0.77764242 0.26004401
 0.74768847 0.53940144 0.63593875 0.29737967 0.82665153 0.79620304
 0.79788631 0.83187748 0.75797037 0.28759581]
  options:
    Descripcion: description generate chat gpt
    Vector de grupo: [0.49410889 0.33946069 0.131357   0.37541282 0.0385723  0.48259391
 0.40788485 0.73451097 0.52370022 0.46899321 0.55115421 0.51355255
 0.6099699  0.19935723 0.19418334 0.05935688 0.21384073 0.37422721
 0.18368757 0.47846044 0.35407832 0.34931411 0.48626651 0.47975179
 0.65663668 1.         0.70664902 0.46996284 0.70768276 0.48421219
 0.67184548 0.63788125 0.58939485 0.75172468 0.77764242 0.26004401
 0.74768847 0.53940144 0.63593875 0.29737967 0.82665153 0.79620304
 0.79788631 0.83187748 0.75797037 0.28759581]
/contract:
  options:
    Descripcion: description generate chat gpt
    Vector de grupo: [0.49410889 0.33946069 0.131357   0.37541282 0.0385723  0.48259391
 0.40788485 0.73451097 0.52370022 0.46899321 0.55115421 0.51355255
 0.6099699  0.19935723 0.19418334 0.05935688 0.21384073 0.37422721
 0.18368757 0.47846044 0.35407832 0.34931411 0.48626651 0.47975179
 0.65663668 1.         0.70664902 0.46996284 0.70768276 0.48421219
 0.67184548 0.63788125 0.58939485 0.75172468 0.77764242 0.26004401
 0.74768847 0.53940144 0.63593875 0.29737967 0.82665153 0.79620304
 0.79788631 0.83187748 0.75797037 0.28759581]
  post:
    Descripcion: create new smart contract
    Vector de grupo: [0.49410889 0.33946069 0.131357   0.37541282 0.0385723  0.48259391
 0.40788485 0.73451097 0.52370022 0.46899321 0.55115421 0.51355255
 0.6099699  0.19935723 0.19418334 0.05935688 0.21384073 0.37422721
 0.18368757 0.47846044 0.35407832 0.34931411 0.48626651 0.47975179
 0.65663668 1.         0.70664902 0.46996284 0.70768276 0.48421219
 0.67184548 0.63788125 0.58939485 0.75172468 0.77764242 0.26004401
 0.74768847 0.53940144 0.63593875 0.29737967 0.82665153 0.79620304
 0.79788631 0.83187748 0.75797037 0.28759581]
/contract/{id}:
  get:
    Descripcion: contract balance
    Vector de grupo: [0.49410889 0.33946069 0.131357   0.37541282 0.0385723  0.48259391
 0.40788485 0.73451097 0.52370022 0.46899321 0.55115421 0.51355255
 0.6099699  0.19935723 0.19418334 0.05935688 0.21384073 0.37422721
 0.18368757 0.47846044 0.35407832 0.34931411 0.48626651 0.47975179
 0.65663668 1.         0.70664902 0.46996284 0.70768276 0.48421219
 0.67184548 0.63788125 0.58939485 0.75172468 0.77764242 0.26004401
 0.74768847 0.53940144 0.63593875 0.29737967 0.82665153 0.79620304
 0.79788631 0.83187748 0.75797037 0.28759581]
  options:
    Descripcion: description generate chat gpt
    Vector de grupo: [0.49410889 0.33946069 0.131357   0.37541282 0.0385723  0.48259391
 0.40788485 0.73451097 0.52370022 0.46899321 0.55115421 0.51355255
 0.6099699  0.19935723 0.19418334 0.05935688 0.21384073 0.37422721
 0.18368757 0.47846044 0.35407832 0.34931411 0.48626651 0.47975179
 0.65663668 1.         0.70664902 0.46996284 0.70768276 0.48421219
 0.67184548 0.63788125 0.58939485 0.75172468 0.77764242 0.26004401
 0.74768847 0.53940144 0.63593875 0.29737967 0.82665153 0.79620304
 0.79788631 0.83187748 0.75797037 0.28759581]
  post:
    Descripcion: contract
    Vector de grupo: [0.49410889 0.33946069 0.131357   0.37541282 0.0385723  0.48259391
 0.40788485 0.73451097 0.52370022 0.46899321 0.55115421 0.51355255
 0.6099699  0.19935723 0.19418334 0.05935688 0.21384073 0.37422721
 0.18368757 0.47846044 0.35407832 0.34931411 0.48626651 0.47975179
 0.65663668 1.         0.70664902 0.46996284 0.70768276 0.48421219
 0.67184548 0.63788125 0.58939485 0.75172468 0.77764242 0.26004401
 0.74768847 0.53940144 0.63593875 0.29737967 0.82665153 0.79620304
 0.79788631 0.83187748 0.75797037 0.28759581]
/echo:
  options:
    Descripcion: description generate chat gpt
    Vector de grupo: [0.49410889 0.33946069 0.131357   0.37541282 0.0385723  0.48259391
 0.40788485 0.73451097 0.52370022 0.46899321 0.55115421 0.51355255
 0.6099699  0.19935723 0.19418334 0.05935688 0.21384073 0.37422721
 0.18368757 0.47846044 0.35407832 0.34931411 0.48626651 0.47975179
 0.65663668 1.         0.70664902 0.46996284 0.70768276 0.48421219
 0.67184548 0.63788125 0.58939485 0.75172468 0.77764242 0.26004401
 0.74768847 0.53940144 0.63593875 0.29737967 0.82665153 0.79620304
 0.79788631 0.83187748 0.75797037 0.28759581]
  x-amazon-apigateway-any-method:
    Descripcion: description generate chat gpt
    Vector de grupo: [0.49410889 0.33946069 0.131357   0.37541282 0.0385723  0.48259391
 0.40788485 0.73451097 0.52370022 0.46899321 0.55115421 0.51355255
 0.6099699  0.19935723 0.19418334 0.05935688 0.21384073 0.37422721
 0.18368757 0.47846044 0.35407832 0.34931411 0.48626651 0.47975179
 0.65663668 1.         0.70664902 0.46996284 0.70768276 0.48421219
 0.67184548 0.63788125 0.58939485 0.75172468 0.77764242 0.26004401
 0.74768847 0.53940144 0.63593875 0.29737967 0.82665153 0.79620304
 0.79788631 0.83187748 0.75797037 0.28759581]
/erc20:
  get:
    Descripcion: token information total circulation etc
    Vector de grupo: [0.49410889 0.33946069 0.131357   0.37541282 0.0385723  0.48259391
 0.40788485 0.73451097 0.52370022 0.46899321 0.55115421 0.51355255
 0.6099699  0.19935723 0.19418334 0.05935688 0.21384073 0.37422721
 0.18368757 0.47846044 0.35407832 0.34931411 0.48626651 0.47975179
 0.65663668 1.         0.70664902 0.46996284 0.70768276 0.48421219
 0.67184548 0.63788125 0.58939485 0.75172468 0.77764242 0.26004401
 0.74768847 0.53940144 0.63593875 0.29737967 0.82665153 0.79620304
 0.79788631 0.83187748 0.75797037 0.28759581]
  options:
    Descripcion: description generate chat gpt
    Vector de grupo: [0.49410889 0.33946069 0.131357   0.37541282 0.0385723  0.48259391
 0.40788485 0.73451097 0.52370022 0.46899321 0.55115421 0.51355255
 0.6099699  0.19935723 0.19418334 0.05935688 0.21384073 0.37422721
 0.18368757 0.47846044 0.35407832 0.34931411 0.48626651 0.47975179
 0.65663668 1.         0.70664902 0.46996284 0.70768276 0.48421219
 0.67184548 0.63788125 0.58939485 0.75172468 0.77764242 0.26004401
 0.74768847 0.53940144 0.63593875 0.29737967 0.82665153 0.79620304
 0.79788631 0.83187748 0.75797037 0.28759581]
  post:
    Descripcion: description generate chat gpt
    Vector de grupo: [0.49410889 0.33946069 0.131357   0.37541282 0.0385723  0.48259391
 0.40788485 0.73451097 0.52370022 0.46899321 0.55115421 0.51355255
 0.6099699  0.19935723 0.19418334 0.05935688 0.21384073 0.37422721
 0.18368757 0.47846044 0.35407832 0.34931411 0.48626651 0.47975179
 0.65663668 1.         0.70664902 0.46996284 0.70768276 0.48421219
 0.67184548 0.63788125 0.58939485 0.75172468 0.77764242 0.26004401
 0.74768847 0.53940144 0.63593875 0.29737967 0.82665153 0.79620304
 0.79788631 0.83187748 0.75797037 0.28759581]
/erc20/{address}:
  get:
    Descripcion: information amout token balance account
    Vector de grupo: [0.49410889 0.33946069 0.131357   0.37541282 0.0385723  0.48259391
 0.40788485 0.73451097 0.52370022 0.46899321 0.55115421 0.51355255
 0.6099699  0.19935723 0.19418334 0.05935688 0.21384073 0.37422721
 0.18368757 0.47846044 0.35407832 0.34931411 0.48626651 0.47975179
 0.65663668 1.         0.70664902 0.46996284 0.70768276 0.48421219
 0.67184548 0.63788125 0.58939485 0.75172468 0.77764242 0.26004401
 0.74768847 0.53940144 0.63593875 0.29737967 0.82665153 0.79620304
 0.79788631 0.83187748 0.75797037 0.28759581]
  options:
    Descripcion: description generate chat gpt
    Vector de grupo: [0.49410889 0.33946069 0.131357   0.37541282 0.0385723  0.48259391
 0.40788485 0.73451097 0.52370022 0.46899321 0.55115421 0.51355255
 0.6099699  0.19935723 0.19418334 0.05935688 0.21384073 0.37422721
 0.18368757 0.47846044 0.35407832 0.34931411 0.48626651 0.47975179
 0.65663668 1.         0.70664902 0.46996284 0.70768276 0.48421219
 0.67184548 0.63788125 0.58939485 0.75172468 0.77764242 0.26004401
 0.74768847 0.53940144 0.63593875 0.29737967 0.82665153 0.79620304
 0.79788631 0.83187748 0.75797037 0.28759581]
  post:
    Descripcion: transfer token account
    Vector de grupo: [0.49410889 0.33946069 0.131357   0.37541282 0.0385723  0.48259391
 0.40788485 0.73451097 0.52370022 0.46899321 0.55115421 0.51355255
 0.6099699  0.19935723 0.19418334 0.05935688 0.21384073 0.37422721
 0.18368757 0.47846044 0.35407832 0.34931411 0.48626651 0.47975179
 0.65663668 1.         0.70664902 0.46996284 0.70768276 0.48421219
 0.67184548 0.63788125 0.58939485 0.75172468 0.77764242 0.26004401
 0.74768847 0.53940144 0.63593875 0.29737967 0.82665153 0.79620304
 0.79788631 0.83187748 0.75797037 0.28759581]
/key:
  get:
    Descripcion: description generate chat gpt
    Vector de grupo: [0.49410889 0.33946069 0.131357   0.37541282 0.0385723  0.48259391
 0.40788485 0.73451097 0.52370022 0.46899321 0.55115421 0.51355255
 0.6099699  0.19935723 0.19418334 0.05935688 0.21384073 0.37422721
 0.18368757 0.47846044 0.35407832 0.34931411 0.48626651 0.47975179
 0.65663668 1.         0.70664902 0.46996284 0.70768276 0.48421219
 0.67184548 0.63788125 0.58939485 0.75172468 0.77764242 0.26004401
 0.74768847 0.53940144 0.63593875 0.29737967 0.82665153 0.79620304
 0.79788631 0.83187748 0.75797037 0.28759581]
  options:
    Descripcion: description generate chat gpt
    Vector de grupo: [0.49410889 0.33946069 0.131357   0.37541282 0.0385723  0.48259391
 0.40788485 0.73451097 0.52370022 0.46899321 0.55115421 0.51355255
 0.6099699  0.19935723 0.19418334 0.05935688 0.21384073 0.37422721
 0.18368757 0.47846044 0.35407832 0.34931411 0.48626651 0.47975179
 0.65663668 1.         0.70664902 0.46996284 0.70768276 0.48421219
 0.67184548 0.63788125 0.58939485 0.75172468 0.77764242 0.26004401
 0.74768847 0.53940144 0.63593875 0.29737967 0.82665153 0.79620304
 0.79788631 0.83187748 0.75797037 0.28759581]
  post:
    Descripcion: description generate chat gpt
    Vector de grupo: [0.49410889 0.33946069 0.131357   0.37541282 0.0385723  0.48259391
 0.40788485 0.73451097 0.52370022 0.46899321 0.55115421 0.51355255
 0.6099699  0.19935723 0.19418334 0.05935688 0.21384073 0.37422721
 0.18368757 0.47846044 0.35407832 0.34931411 0.48626651 0.47975179
 0.65663668 1.         0.70664902 0.46996284 0.70768276 0.48421219
 0.67184548 0.63788125 0.58939485 0.75172468 0.77764242 0.26004401
 0.74768847 0.53940144 0.63593875 0.29737967 0.82665153 0.79620304
 0.79788631 0.83187748 0.75797037 0.28759581]
/key/{key}:
  delete:
    Descripcion: description generate chat gpt
    Vector de grupo: [0.49410889 0.33946069 0.131357   0.37541282 0.0385723  0.48259391
 0.40788485 0.73451097 0.52370022 0.46899321 0.55115421 0.51355255
 0.6099699  0.19935723 0.19418334 0.05935688 0.21384073 0.37422721
 0.18368757 0.47846044 0.35407832 0.34931411 0.48626651 0.47975179
 0.65663668 1.         0.70664902 0.46996284 0.70768276 0.48421219
 0.67184548 0.63788125 0.58939485 0.75172468 0.77764242 0.26004401
 0.74768847 0.53940144 0.63593875 0.29737967 0.82665153 0.79620304
 0.79788631 0.83187748 0.75797037 0.28759581]
  options:
    Descripcion: description generate chat gpt
    Vector de grupo: [0.49410889 0.33946069 0.131357   0.37541282 0.0385723  0.48259391
 0.40788485 0.73451097 0.52370022 0.46899321 0.55115421 0.51355255
 0.6099699  0.19935723 0.19418334 0.05935688 0.21384073 0.37422721
 0.18368757 0.47846044 0.35407832 0.34931411 0.48626651 0.47975179
 0.65663668 1.         0.70664902 0.46996284 0.70768276 0.48421219
 0.67184548 0.63788125 0.58939485 0.75172468 0.77764242 0.26004401
 0.74768847 0.53940144 0.63593875 0.29737967 0.82665153 0.79620304
 0.79788631 0.83187748 0.75797037 0.28759581]
/transaction:
  options:
    Descripcion: description generate chat gpt
    Vector de grupo: [0.49410889 0.33946069 0.131357   0.37541282 0.0385723  0.48259391
 0.40788485 0.73451097 0.52370022 0.46899321 0.55115421 0.51355255
 0.6099699  0.19935723 0.19418334 0.05935688 0.21384073 0.37422721
 0.18368757 0.47846044 0.35407832 0.34931411 0.48626651 0.47975179
 0.65663668 1.         0.70664902 0.46996284 0.70768276 0.48421219
 0.67184548 0.63788125 0.58939485 0.75172468 0.77764242 0.26004401
 0.74768847 0.53940144 0.63593875 0.29737967 0.82665153 0.79620304
 0.79788631 0.83187748 0.75797037 0.28759581]
  post:
    Descripcion: create new transaction transfer ether account
    Vector de grupo: [0.49410889 0.33946069 0.131357   0.37541282 0.0385723  0.48259391
 0.40788485 0.73451097 0.52370022 0.46899321 0.55115421 0.51355255
 0.6099699  0.19935723 0.19418334 0.05935688 0.21384073 0.37422721
 0.18368757 0.47846044 0.35407832 0.34931411 0.48626651 0.47975179
 0.65663668 1.         0.70664902 0.46996284 0.70768276 0.48421219
 0.67184548 0.63788125 0.58939485 0.75172468 0.77764242 0.26004401
 0.74768847 0.53940144 0.63593875 0.29737967 0.82665153 0.79620304
 0.79788631 0.83187748 0.75797037 0.28759581]
/transaction/{hash}:
  get:
    Descripcion: transaction information hash value
    Vector de grupo: [0.49410889 0.33946069 0.131357   0.37541282 0.0385723  0.48259391
 0.40788485 0.73451097 0.52370022 0.46899321 0.55115421 0.51355255
 0.6099699  0.19935723 0.19418334 0.05935688 0.21384073 0.37422721
 0.18368757 0.47846044 0.35407832 0.34931411 0.48626651 0.47975179
 0.65663668 1.         0.70664902 0.46996284 0.70768276 0.48421219
 0.67184548 0.63788125 0.58939485 0.75172468 0.77764242 0.26004401
 0.74768847 0.53940144 0.63593875 0.29737967 0.82665153 0.79620304
 0.79788631 0.83187748 0.75797037 0.28759581]
  options:
    Descripcion: description generate chat gpt
    Vector de grupo: [0.49410889 0.33946069 0.131357   0.37541282 0.0385723  0.48259391
 0.40788485 0.73451097 0.52370022 0.46899321 0.55115421 0.51355255
 0.6099699  0.19935723 0.19418334 0.05935688 0.21384073 0.37422721
 0.18368757 0.47846044 0.35407832 0.34931411 0.48626651 0.47975179
 0.65663668 1.         0.70664902 0.46996284 0.70768276 0.48421219
 0.67184548 0.63788125 0.58939485 0.75172468 0.77764242 0.26004401
 0.74768847 0.53940144 0.63593875 0.29737967 0.82665153 0.79620304
 0.79788631 0.83187748 0.75797037 0.28759581]
/transaction/{hash}/receipt:
  get:
    Descripcion: receipt detail information
    Vector de grupo: [0.49410889 0.33946069 0.131357   0.37541282 0.0385723  0.48259391
 0.40788485 0.73451097 0.52370022 0.46899321 0.55115421 0.51355255
 0.6099699  0.19935723 0.19418334 0.05935688 0.21384073 0.37422721
 0.18368757 0.47846044 0.35407832 0.34931411 0.48626651 0.47975179
 0.65663668 1.         0.70664902 0.46996284 0.70768276 0.48421219
 0.67184548 0.63788125 0.58939485 0.75172468 0.77764242 0.26004401
 0.74768847 0.53940144 0.63593875 0.29737967 0.82665153 0.79620304
 0.79788631 0.83187748 0.75797037 0.28759581]
  options:
    Descripcion: description generate chat gpt
    Vector de grupo: [0.49410889 0.33946069 0.131357   0.37541282 0.0385723  0.48259391
 0.40788485 0.73451097 0.52370022 0.46899321 0.55115421 0.51355255
 0.6099699  0.19935723 0.19418334 0.05935688 0.21384073 0.37422721
 0.18368757 0.47846044 0.35407832 0.34931411 0.48626651 0.47975179
 0.65663668 1.         0.70664902 0.46996284 0.70768276 0.48421219
 0.67184548 0.63788125 0.58939485 0.75172468 0.77764242 0.26004401
 0.74768847 0.53940144 0.63593875 0.29737967 0.82665153 0.79620304
 0.79788631 0.83187748 0.75797037 0.28759581]
/version:
  get:
    Descripcion: api version info
    Vector de grupo: [0.49410889 0.33946069 0.131357   0.37541282 0.0385723  0.48259391
 0.40788485 0.73451097 0.52370022 0.46899321 0.55115421 0.51355255
 0.6099699  0.19935723 0.19418334 0.05935688 0.21384073 0.37422721
 0.18368757 0.47846044 0.35407832 0.34931411 0.48626651 0.47975179
 0.65663668 1.         0.70664902 0.46996284 0.70768276 0.48421219
 0.67184548 0.63788125 0.58939485 0.75172468 0.77764242 0.26004401
 0.74768847 0.53940144 0.63593875 0.29737967 0.82665153 0.79620304
 0.79788631 0.83187748 0.75797037 0.28759581]
  options:
    Descripcion: description generate chat gpt
    Vector de grupo: [0.49410889 0.33946069 0.131357   0.37541282 0.0385723  0.48259391
 0.40788485 0.73451097 0.52370022 0.46899321 0.55115421 0.51355255
 0.6099699  0.19935723 0.19418334 0.05935688 0.21384073 0.37422721
 0.18368757 0.47846044 0.35407832 0.34931411 0.48626651 0.47975179
 0.65663668 1.         0.70664902 0.46996284 0.70768276 0.48421219
 0.67184548 0.63788125 0.58939485 0.75172468 0.77764242 0.26004401
 0.74768847 0.53940144 0.63593875 0.29737967 0.82665153 0.79620304
 0.79788631 0.83187748 0.75797037 0.28759581]
/wallet:
  get:
    Descripcion: current account balance
    Vector de grupo: [0.49410889 0.33946069 0.131357   0.37541282 0.0385723  0.48259391
 0.40788485 0.73451097 0.52370022 0.46899321 0.55115421 0.51355255
 0.6099699  0.19935723 0.19418334 0.05935688 0.21384073 0.37422721
 0.18368757 0.47846044 0.35407832 0.34931411 0.48626651 0.47975179
 0.65663668 1.         0.70664902 0.46996284 0.70768276 0.48421219
 0.67184548 0.63788125 0.58939485 0.75172468 0.77764242 0.26004401
 0.74768847 0.53940144 0.63593875 0.29737967 0.82665153 0.79620304
 0.79788631 0.83187748 0.75797037 0.28759581]
  options:
    Descripcion: description generate chat gpt
    Vector de grupo: [0.49410889 0.33946069 0.131357   0.37541282 0.0385723  0.48259391
 0.40788485 0.73451097 0.52370022 0.46899321 0.55115421 0.51355255
 0.6099699  0.19935723 0.19418334 0.05935688 0.21384073 0.37422721
 0.18368757 0.47846044 0.35407832 0.34931411 0.48626651 0.47975179
 0.65663668 1.         0.70664902 0.46996284 0.70768276 0.48421219
 0.67184548 0.63788125 0.58939485 0.75172468 0.77764242 0.26004401
 0.74768847 0.53940144 0.63593875 0.29737967 0.82665153 0.79620304
 0.79788631 0.83187748 0.75797037 0.28759581]
  post:
    Descripcion: create personal wallet
    Vector de grupo: [0.49410889 0.33946069 0.131357   0.37541282 0.0385723  0.48259391
 0.40788485 0.73451097 0.52370022 0.46899321 0.55115421 0.51355255
 0.6099699  0.19935723 0.19418334 0.05935688 0.21384073 0.37422721
 0.18368757 0.47846044 0.35407832 0.34931411 0.48626651 0.47975179
 0.65663668 1.         0.70664902 0.46996284 0.70768276 0.48421219
 0.67184548 0.63788125 0.58939485 0.75172468 0.77764242 0.26004401
 0.74768847 0.53940144 0.63593875 0.29737967 0.82665153 0.79620304
 0.79788631 0.83187748 0.75797037 0.28759581]
/wallet/account:
  get:
    Descripcion: description generate chat gpt
    Vector de grupo: [0.49410889 0.33946069 0.131357   0.37541282 0.0385723  0.48259391
 0.40788485 0.73451097 0.52370022 0.46899321 0.55115421 0.51355255
 0.6099699  0.19935723 0.19418334 0.05935688 0.21384073 0.37422721
 0.18368757 0.47846044 0.35407832 0.34931411 0.48626651 0.47975179
 0.65663668 1.         0.70664902 0.46996284 0.70768276 0.48421219
 0.67184548 0.63788125 0.58939485 0.75172468 0.77764242 0.26004401
 0.74768847 0.53940144 0.63593875 0.29737967 0.82665153 0.79620304
 0.79788631 0.83187748 0.75797037 0.28759581]
  options:
    Descripcion: description generate chat gpt
    Vector de grupo: [0.49410889 0.33946069 0.131357   0.37541282 0.0385723  0.48259391
 0.40788485 0.73451097 0.52370022 0.46899321 0.55115421 0.51355255
 0.6099699  0.19935723 0.19418334 0.05935688 0.21384073 0.37422721
 0.18368757 0.47846044 0.35407832 0.34931411 0.48626651 0.47975179
 0.65663668 1.         0.70664902 0.46996284 0.70768276 0.48421219
 0.67184548 0.63788125 0.58939485 0.75172468 0.77764242 0.26004401
 0.74768847 0.53940144 0.63593875 0.29737967 0.82665153 0.79620304
 0.79788631 0.83187748 0.75797037 0.28759581]
  post:
    Descripcion: description generate chat gpt
    Vector de grupo: [0.49410889 0.33946069 0.131357   0.37541282 0.0385723  0.48259391
 0.40788485 0.73451097 0.52370022 0.46899321 0.55115421 0.51355255
 0.6099699  0.19935723 0.19418334 0.05935688 0.21384073 0.37422721
 0.18368757 0.47846044 0.35407832 0.34931411 0.48626651 0.47975179
 0.65663668 1.         0.70664902 0.46996284 0.70768276 0.48421219
 0.67184548 0.63788125 0.58939485 0.75172468 0.77764242 0.26004401
 0.74768847 0.53940144 0.63593875 0.29737967 0.82665153 0.79620304
 0.79788631 0.83187748 0.75797037 0.28759581]
/wallet/account/{id}:
  get:
    Descripcion: account balance
    Vector de grupo: [0.49410889 0.33946069 0.131357   0.37541282 0.0385723  0.48259391
 0.40788485 0.73451097 0.52370022 0.46899321 0.55115421 0.51355255
 0.6099699  0.19935723 0.19418334 0.05935688 0.21384073 0.37422721
 0.18368757 0.47846044 0.35407832 0.34931411 0.48626651 0.47975179
 0.65663668 1.         0.70664902 0.46996284 0.70768276 0.48421219
 0.67184548 0.63788125 0.58939485 0.75172468 0.77764242 0.26004401
 0.74768847 0.53940144 0.63593875 0.29737967 0.82665153 0.79620304
 0.79788631 0.83187748 0.75797037 0.28759581]
  options:
    Descripcion: description generate chat gpt
    Vector de grupo: [0.49410889 0.33946069 0.131357   0.37541282 0.0385723  0.48259391
 0.40788485 0.73451097 0.52370022 0.46899321 0.55115421 0.51355255
 0.6099699  0.19935723 0.19418334 0.05935688 0.21384073 0.37422721
 0.18368757 0.47846044 0.35407832 0.34931411 0.48626651 0.47975179
 0.65663668 1.         0.70664902 0.46996284 0.70768276 0.48421219
 0.67184548 0.63788125 0.58939485 0.75172468 0.77764242 0.26004401
 0.74768847 0.53940144 0.63593875 0.29737967 0.82665153 0.79620304
 0.79788631 0.83187748 0.75797037 0.28759581]
/wallet/account/{id}/contract:
  post:
    Descripcion: description generate chat gpt
    Vector de grupo: [0.49410889 0.33946069 0.131357   0.37541282 0.0385723  0.48259391
 0.40788485 0.73451097 0.52370022 0.46899321 0.55115421 0.51355255
 0.6099699  0.19935723 0.19418334 0.05935688 0.21384073 0.37422721
 0.18368757 0.47846044 0.35407832 0.34931411 0.48626651 0.47975179
 0.65663668 1.         0.70664902 0.46996284 0.70768276 0.48421219
 0.67184548 0.63788125 0.58939485 0.75172468 0.77764242 0.26004401
 0.74768847 0.53940144 0.63593875 0.29737967 0.82665153 0.79620304
 0.79788631 0.83187748 0.75797037 0.28759581]
/wallet/account/{id}/erc20:
  post:
    Descripcion: description generate chat gpt
    Vector de grupo: [0.49410889 0.33946069 0.131357   0.37541282 0.0385723  0.48259391
 0.40788485 0.73451097 0.52370022 0.46899321 0.55115421 0.51355255
 0.6099699  0.19935723 0.19418334 0.05935688 0.21384073 0.37422721
 0.18368757 0.47846044 0.35407832 0.34931411 0.48626651 0.47975179
 0.65663668 1.         0.70664902 0.46996284 0.70768276 0.48421219
 0.67184548 0.63788125 0.58939485 0.75172468 0.77764242 0.26004401
 0.74768847 0.53940144 0.63593875 0.29737967 0.82665153 0.79620304
 0.79788631 0.83187748 0.75797037 0.28759581]
/wallet/account/{id}/pay:
  options:
    Descripcion: description generate chat gpt
    Vector de grupo: [0.49410889 0.33946069 0.131357   0.37541282 0.0385723  0.48259391
 0.40788485 0.73451097 0.52370022 0.46899321 0.55115421 0.51355255
 0.6099699  0.19935723 0.19418334 0.05935688 0.21384073 0.37422721
 0.18368757 0.47846044 0.35407832 0.34931411 0.48626651 0.47975179
 0.65663668 1.         0.70664902 0.46996284 0.70768276 0.48421219
 0.67184548 0.63788125 0.58939485 0.75172468 0.77764242 0.26004401
 0.74768847 0.53940144 0.63593875 0.29737967 0.82665153 0.79620304
 0.79788631 0.83187748 0.75797037 0.28759581]
  post:
    Descripcion: send payment account hold wallet
    Vector de grupo: [0.49410889 0.33946069 0.131357   0.37541282 0.0385723  0.48259391
 0.40788485 0.73451097 0.52370022 0.46899321 0.55115421 0.51355255
 0.6099699  0.19935723 0.19418334 0.05935688 0.21384073 0.37422721
 0.18368757 0.47846044 0.35407832 0.34931411 0.48626651 0.47975179
 0.65663668 1.         0.70664902 0.46996284 0.70768276 0.48421219
 0.67184548 0.63788125 0.58939485 0.75172468 0.77764242 0.26004401
 0.74768847 0.53940144 0.63593875 0.29737967 0.82665153 0.79620304
 0.79788631 0.83187748 0.75797037 0.28759581]
