/:
  options:
    Descripcion: description generate chat gpt
    Vector de grupo: [0.56278441 0.34031936 0.48540273 0.33541194 0.5159681  0.38516992
 0.54721539 0.47978465 0.5978778  0.44783814 0.23633971 0.33019434
 0.3758963  0.34410848 0.40549975 0.16238123 0.51166901 0.45734256
 0.56020238 0.63864902 0.62880775 1.         0.55326903 0.54698114]
  x-amazon-apigateway-any-method:
    Descripcion: description generate chat gpt
    Vector de grupo: [0.56278441 0.34031936 0.48540273 0.33541194 0.5159681  0.38516992
 0.54721539 0.47978465 0.5978778  0.44783814 0.23633971 0.33019434
 0.3758963  0.34410848 0.40549975 0.16238123 0.51166901 0.45734256
 0.56020238 0.63864902 0.62880775 1.         0.55326903 0.54698114]
/account:
  options:
    Descripcion: description generate chat gpt
    Vector de grupo: [0.56278441 0.34031936 0.48540273 0.33541194 0.5159681  0.38516992
 0.54721539 0.47978465 0.5978778  0.44783814 0.23633971 0.33019434
 0.3758963  0.34410848 0.40549975 0.16238123 0.51166901 0.45734256
 0.56020238 0.63864902 0.62880775 1.         0.55326903 0.54698114]
  post:
    Descripcion: create new account
    Vector de grupo: [0.82231833 0.419799   0.54899822 0.55465908 0.68478167 0.65984711
 0.64832263 0.61073713 0.68636514 0.33928012 0.10412252 0.4364699
 0.43511359 0.35687206 0.49825083 0.2518496  0.55633807 0.49539104
 1.         0.7132133  0.84093465 0.56020238 0.77745474 0.62262951]
/account/{id}:
  get:
    Descripcion: account balance
    Vector de grupo: [0.82231833 0.419799   0.54899822 0.55465908 0.68478167 0.65984711
 0.64832263 0.61073713 0.68636514 0.33928012 0.10412252 0.4364699
 0.43511359 0.35687206 0.49825083 0.2518496  0.55633807 0.49539104
 1.         0.7132133  0.84093465 0.56020238 0.77745474 0.62262951]
  options:
    Descripcion: description generate chat gpt
    Vector de grupo: [0.56278441 0.34031936 0.48540273 0.33541194 0.5159681  0.38516992
 0.54721539 0.47978465 0.5978778  0.44783814 0.23633971 0.33019434
 0.3758963  0.34410848 0.40549975 0.16238123 0.51166901 0.45734256
 0.56020238 0.63864902 0.62880775 1.         0.55326903 0.54698114]
/block:
  get:
    Descripcion: access detailed block information
    Vector de grupo: [0.71868708 0.396892   0.55380367 0.4463763  0.64468752 0.52367565
 0.67692524 0.69032105 0.64627887 0.41849209 0.15881468 0.3984567
 0.3610103  0.38717127 0.40279679 0.23820611 0.58537696 0.52551085
 0.7132133  1.         0.845762   0.63864902 0.69688572 0.62435211]
  options:
    Descripcion: description generate chat gpt
    Vector de grupo: [0.56278441 0.34031936 0.48540273 0.33541194 0.5159681  0.38516992
 0.54721539 0.47978465 0.5978778  0.44783814 0.23633971 0.33019434
 0.3758963  0.34410848 0.40549975 0.16238123 0.51166901 0.45734256
 0.56020238 0.63864902 0.62880775 1.         0.55326903 0.54698114]
/block/{id}:
  get:
    Descripcion: information particular block
    Vector de grupo: [0.71868708 0.396892   0.55380367 0.4463763  0.64468752 0.52367565
 0.67692524 0.69032105 0.64627887 0.41849209 0.15881468 0.3984567
 0.3610103  0.38717127 0.40279679 0.23820611 0.58537696 0.52551085
 0.7132133  1.         0.845762   0.63864902 0.69688572 0.62435211]
  options:
    Descripcion: description generate chat gpt
    Vector de grupo: [0.56278441 0.34031936 0.48540273 0.33541194 0.5159681  0.38516992
 0.54721539 0.47978465 0.5978778  0.44783814 0.23633971 0.33019434
 0.3758963  0.34410848 0.40549975 0.16238123 0.51166901 0.45734256
 0.56020238 0.63864902 0.62880775 1.         0.55326903 0.54698114]
/block/{id}/transaction:
  get:
    Descripcion: transaction count block
    Vector de grupo: [0.71868708 0.396892   0.55380367 0.4463763  0.64468752 0.52367565
 0.67692524 0.69032105 0.64627887 0.41849209 0.15881468 0.3984567
 0.3610103  0.38717127 0.40279679 0.23820611 0.58537696 0.52551085
 0.7132133  1.         0.845762   0.63864902 0.69688572 0.62435211]
  options:
    Descripcion: description generate chat gpt
    Vector de grupo: [0.56278441 0.34031936 0.48540273 0.33541194 0.5159681  0.38516992
 0.54721539 0.47978465 0.5978778  0.44783814 0.23633971 0.33019434
 0.3758963  0.34410848 0.40549975 0.16238123 0.51166901 0.45734256
 0.56020238 0.63864902 0.62880775 1.         0.55326903 0.54698114]
/block/{id}/transaction/{index}:
  get:
    Descripcion: information particular transaction block
    Vector de grupo: [0.71868708 0.396892   0.55380367 0.4463763  0.64468752 0.52367565
 0.67692524 0.69032105 0.64627887 0.41849209 0.15881468 0.3984567
 0.3610103  0.38717127 0.40279679 0.23820611 0.58537696 0.52551085
 0.7132133  1.         0.845762   0.63864902 0.69688572 0.62435211]
  options:
    Descripcion: description generate chat gpt
    Vector de grupo: [0.56278441 0.34031936 0.48540273 0.33541194 0.5159681  0.38516992
 0.54721539 0.47978465 0.5978778  0.44783814 0.23633971 0.33019434
 0.3758963  0.34410848 0.40549975 0.16238123 0.51166901 0.45734256
 0.56020238 0.63864902 0.62880775 1.         0.55326903 0.54698114]
/blockchain:
  get:
    Descripcion: list support blockchain
    Vector de grupo: [0.48119949 0.47714434 0.37433412 0.40346514 0.41076279 0.50578801
 0.48436947 0.28281267 0.38565987 0.27782358 0.11020571 0.2542778
 0.36271062 0.23490281 0.41420631 0.2812065  0.45826417 1.
 0.49539104 0.52551085 0.54689916 0.45734256 0.52328332 0.5117495 ]
  options:
    Descripcion: description generate chat gpt
    Vector de grupo: [0.56278441 0.34031936 0.48540273 0.33541194 0.5159681  0.38516992
 0.54721539 0.47978465 0.5978778  0.44783814 0.23633971 0.33019434
 0.3758963  0.34410848 0.40549975 0.16238123 0.51166901 0.45734256
 0.56020238 0.63864902 0.62880775 1.         0.55326903 0.54698114]
/blockchain/{id}:
  get:
    Descripcion: information blockchain woth give d
    Vector de grupo: [0.48119949 0.47714434 0.37433412 0.40346514 0.41076279 0.50578801
 0.48436947 0.28281267 0.38565987 0.27782358 0.11020571 0.2542778
 0.36271062 0.23490281 0.41420631 0.2812065  0.45826417 1.
 0.49539104 0.52551085 0.54689916 0.45734256 0.52328332 0.5117495 ]
  options:
    Descripcion: description generate chat gpt
    Vector de grupo: [0.56278441 0.34031936 0.48540273 0.33541194 0.5159681  0.38516992
 0.54721539 0.47978465 0.5978778  0.44783814 0.23633971 0.33019434
 0.3758963  0.34410848 0.40549975 0.16238123 0.51166901 0.45734256
 0.56020238 0.63864902 0.62880775 1.         0.55326903 0.54698114]
/contract:
  options:
    Descripcion: description generate chat gpt
    Vector de grupo: [0.56278441 0.34031936 0.48540273 0.33541194 0.5159681  0.38516992
 0.54721539 0.47978465 0.5978778  0.44783814 0.23633971 0.33019434
 0.3758963  0.34410848 0.40549975 0.16238123 0.51166901 0.45734256
 0.56020238 0.63864902 0.62880775 1.         0.55326903 0.54698114]
  post:
    Descripcion: create new smart contract
    Vector de grupo: [0. 0. 0. 0. 0. 0. 0. 0. 0. 0. 0. 0. 0. 0. 0. 0. 0. 0. 0. 0. 0. 0. 0. 0.]
/contract/{id}:
  get:
    Descripcion: contract balance
    Vector de grupo: [0. 0. 0. 0. 0. 0. 0. 0. 0. 0. 0. 0. 0. 0. 0. 0. 0. 0. 0. 0. 0. 0. 0. 0.]
  options:
    Descripcion: description generate chat gpt
    Vector de grupo: [1.         0.43893344 0.44722786 0.50172472 0.6616098  0.54766826
 0.64084583 0.55055614 0.68071343 0.34922093 0.24589822 0.41307815
 0.37481593 0.32594599 0.43672856 0.27375715 0.55905126 0.48119949
 0.82231833 0.71868708 0.76008089 0.56278441 0.65722766 0.62474008]
  post:
    Descripcion: contract
    Vector de grupo: [0. 0. 0. 0. 0. 0. 0. 0. 0. 0. 0. 0. 0. 0. 0. 0. 0. 0. 0. 0. 0. 0. 0. 0.]
/echo:
  options:
    Descripcion: description generate chat gpt
    Vector de grupo: [0.56278441 0.34031936 0.48540273 0.33541194 0.5159681  0.38516992
 0.54721539 0.47978465 0.5978778  0.44783814 0.23633971 0.33019434
 0.3758963  0.34410848 0.40549975 0.16238123 0.51166901 0.45734256
 0.56020238 0.63864902 0.62880775 1.         0.55326903 0.54698114]
  x-amazon-apigateway-any-method:
    Descripcion: description generate chat gpt
    Vector de grupo: [0.56278441 0.34031936 0.48540273 0.33541194 0.5159681  0.38516992
 0.54721539 0.47978465 0.5978778  0.44783814 0.23633971 0.33019434
 0.3758963  0.34410848 0.40549975 0.16238123 0.51166901 0.45734256
 0.56020238 0.63864902 0.62880775 1.         0.55326903 0.54698114]
/erc20:
  get:
    Descripcion: token information total circulation etc
    Vector de grupo: [0. 0. 0. 0. 0. 0. 0. 0. 0. 0. 0. 0. 0. 0. 0. 0. 0. 0. 0. 0. 0. 0. 0. 0.]
  options:
    Descripcion: description generate chat gpt
    Vector de grupo: [0. 0. 0. 0. 0. 0. 0. 0. 0. 0. 0. 0. 0. 0. 0. 0. 0. 0. 0. 0. 0. 0. 0. 0.]
  post:
    Descripcion: description generate chat gpt
    Vector de grupo: [0.56278441 0.34031936 0.48540273 0.33541194 0.5159681  0.38516992
 0.54721539 0.47978465 0.5978778  0.44783814 0.23633971 0.33019434
 0.3758963  0.34410848 0.40549975 0.16238123 0.51166901 0.45734256
 0.56020238 0.63864902 0.62880775 1.         0.55326903 0.54698114]
/erc20/{address}:
  get:
    Descripcion: information amout token balance account
    Vector de grupo: [0. 0. 0. 0. 0. 0. 0. 0. 0. 0. 0. 0. 0. 0. 0. 0. 0. 0. 0. 0. 0. 0. 0. 0.]
  options:
    Descripcion: description generate chat gpt
    Vector de grupo: [0. 0. 0. 0. 0. 0. 0. 0. 0. 0. 0. 0. 0. 0. 0. 0. 0. 0. 0. 0. 0. 0. 0. 0.]
  post:
    Descripcion: transfer token account
    Vector de grupo: [0. 0. 0. 0. 0. 0. 0. 0. 0. 0. 0. 0. 0. 0. 0. 0. 0. 0. 0. 0. 0. 0. 0. 0.]
/key:
  get:
    Descripcion: description generate chat gpt
    Vector de grupo: [0. 0. 0. 0. 0. 0. 0. 0. 0. 0. 0. 0. 0. 0. 0. 0. 0. 0. 0. 0. 0. 0. 0. 0.]
  options:
    Descripcion: description generate chat gpt
    Vector de grupo: [0. 0. 0. 0. 0. 0. 0. 0. 0. 0. 0. 0. 0. 0. 0. 0. 0. 0. 0. 0. 0. 0. 0. 0.]
  post:
    Descripcion: description generate chat gpt
    Vector de grupo: [0. 0. 0. 0. 0. 0. 0. 0. 0. 0. 0. 0. 0. 0. 0. 0. 0. 0. 0. 0. 0. 0. 0. 0.]
/key/{key}:
  delete:
    Descripcion: description generate chat gpt
    Vector de grupo: [0. 0. 0. 0. 0. 0. 0. 0. 0. 0. 0. 0. 0. 0. 0. 0. 0. 0. 0. 0. 0. 0. 0. 0.]
  options:
    Descripcion: description generate chat gpt
    Vector de grupo: [0.56278441 0.34031936 0.48540273 0.33541194 0.5159681  0.38516992
 0.54721539 0.47978465 0.5978778  0.44783814 0.23633971 0.33019434
 0.3758963  0.34410848 0.40549975 0.16238123 0.51166901 0.45734256
 0.56020238 0.63864902 0.62880775 1.         0.55326903 0.54698114]
/transaction:
  options:
    Descripcion: description generate chat gpt
    Vector de grupo: [0.56278441 0.34031936 0.48540273 0.33541194 0.5159681  0.38516992
 0.54721539 0.47978465 0.5978778  0.44783814 0.23633971 0.33019434
 0.3758963  0.34410848 0.40549975 0.16238123 0.51166901 0.45734256
 0.56020238 0.63864902 0.62880775 1.         0.55326903 0.54698114]
  post:
    Descripcion: create new transaction transfer ether account
    Vector de grupo: [0.65722766 0.36078102 0.60303254 0.50593788 0.67449484 0.57073848
 0.6181285  0.7599881  0.61781016 0.41317696 0.06992294 0.41404432
 0.36132253 0.34387134 0.50859765 0.26618642 0.50185208 0.52328332
 0.77745474 0.69688572 0.90487228 0.55326903 1.         0.51084946]
/transaction/{hash}:
  get:
    Descripcion: transaction information hash value
    Vector de grupo: [0.56278441 0.34031936 0.48540273 0.33541194 0.5159681  0.38516992
 0.54721539 0.47978465 0.5978778  0.44783814 0.23633971 0.33019434
 0.3758963  0.34410848 0.40549975 0.16238123 0.51166901 0.45734256
 0.56020238 0.63864902 0.62880775 1.         0.55326903 0.54698114]
  options:
    Descripcion: description generate chat gpt
    Vector de grupo: [0.56278441 0.34031936 0.48540273 0.33541194 0.5159681  0.38516992
 0.54721539 0.47978465 0.5978778  0.44783814 0.23633971 0.33019434
 0.3758963  0.34410848 0.40549975 0.16238123 0.51166901 0.45734256
 0.56020238 0.63864902 0.62880775 1.         0.55326903 0.54698114]
/transaction/{hash}/receipt:
  get:
    Descripcion: receipt detail information
    Vector de grupo: [0. 0. 0. 0. 0. 0. 0. 0. 0. 0. 0. 0. 0. 0. 0. 0. 0. 0. 0. 0. 0. 0. 0. 0.]
  options:
    Descripcion: description generate chat gpt
    Vector de grupo: [0.56278441 0.34031936 0.48540273 0.33541194 0.5159681  0.38516992
 0.54721539 0.47978465 0.5978778  0.44783814 0.23633971 0.33019434
 0.3758963  0.34410848 0.40549975 0.16238123 0.51166901 0.45734256
 0.56020238 0.63864902 0.62880775 1.         0.55326903 0.54698114]
/version:
  get:
    Descripcion: api version info
    Vector de grupo: [0. 0. 0. 0. 0. 0. 0. 0. 0. 0. 0. 0. 0. 0. 0. 0. 0. 0. 0. 0. 0. 0. 0. 0.]
  options:
    Descripcion: description generate chat gpt
    Vector de grupo: [0.56278441 0.34031936 0.48540273 0.33541194 0.5159681  0.38516992
 0.54721539 0.47978465 0.5978778  0.44783814 0.23633971 0.33019434
 0.3758963  0.34410848 0.40549975 0.16238123 0.51166901 0.45734256
 0.56020238 0.63864902 0.62880775 1.         0.55326903 0.54698114]
/wallet:
  get:
    Descripcion: current account balance
    Vector de grupo: [0. 0. 0. 0. 0. 0. 0. 0. 0. 0. 0. 0. 0. 0. 0. 0. 0. 0. 0. 0. 0. 0. 0. 0.]
  options:
    Descripcion: description generate chat gpt
    Vector de grupo: [0.56278441 0.34031936 0.48540273 0.33541194 0.5159681  0.38516992
 0.54721539 0.47978465 0.5978778  0.44783814 0.23633971 0.33019434
 0.3758963  0.34410848 0.40549975 0.16238123 0.51166901 0.45734256
 0.56020238 0.63864902 0.62880775 1.         0.55326903 0.54698114]
  post:
    Descripcion: create personal wallet
    Vector de grupo: [0. 0. 0. 0. 0. 0. 0. 0. 0. 0. 0. 0. 0. 0. 0. 0. 0. 0. 0. 0. 0. 0. 0. 0.]
/wallet/account:
  get:
    Descripcion: description generate chat gpt
    Vector de grupo: [0.56278441 0.34031936 0.48540273 0.33541194 0.5159681  0.38516992
 0.54721539 0.47978465 0.5978778  0.44783814 0.23633971 0.33019434
 0.3758963  0.34410848 0.40549975 0.16238123 0.51166901 0.45734256
 0.56020238 0.63864902 0.62880775 1.         0.55326903 0.54698114]
  options:
    Descripcion: description generate chat gpt
    Vector de grupo: [0.56278441 0.34031936 0.48540273 0.33541194 0.5159681  0.38516992
 0.54721539 0.47978465 0.5978778  0.44783814 0.23633971 0.33019434
 0.3758963  0.34410848 0.40549975 0.16238123 0.51166901 0.45734256
 0.56020238 0.63864902 0.62880775 1.         0.55326903 0.54698114]
  post:
    Descripcion: description generate chat gpt
    Vector de grupo: [0.82231833 0.419799   0.54899822 0.55465908 0.68478167 0.65984711
 0.64832263 0.61073713 0.68636514 0.33928012 0.10412252 0.4364699
 0.43511359 0.35687206 0.49825083 0.2518496  0.55633807 0.49539104
 1.         0.7132133  0.84093465 0.56020238 0.77745474 0.62262951]
/wallet/account/{id}:
  get:
    Descripcion: account balance
    Vector de grupo: [0.82231833 0.419799   0.54899822 0.55465908 0.68478167 0.65984711
 0.64832263 0.61073713 0.68636514 0.33928012 0.10412252 0.4364699
 0.43511359 0.35687206 0.49825083 0.2518496  0.55633807 0.49539104
 1.         0.7132133  0.84093465 0.56020238 0.77745474 0.62262951]
  options:
    Descripcion: description generate chat gpt
    Vector de grupo: [0.82231833 0.419799   0.54899822 0.55465908 0.68478167 0.65984711
 0.64832263 0.61073713 0.68636514 0.33928012 0.10412252 0.4364699
 0.43511359 0.35687206 0.49825083 0.2518496  0.55633807 0.49539104
 1.         0.7132133  0.84093465 0.56020238 0.77745474 0.62262951]
/wallet/account/{id}/contract:
  post:
    Descripcion: description generate chat gpt
    Vector de grupo: [0.56278441 0.34031936 0.48540273 0.33541194 0.5159681  0.38516992
 0.54721539 0.47978465 0.5978778  0.44783814 0.23633971 0.33019434
 0.3758963  0.34410848 0.40549975 0.16238123 0.51166901 0.45734256
 0.56020238 0.63864902 0.62880775 1.         0.55326903 0.54698114]
/wallet/account/{id}/erc20:
  post:
    Descripcion: description generate chat gpt
    Vector de grupo: [0.56278441 0.34031936 0.48540273 0.33541194 0.5159681  0.38516992
 0.54721539 0.47978465 0.5978778  0.44783814 0.23633971 0.33019434
 0.3758963  0.34410848 0.40549975 0.16238123 0.51166901 0.45734256
 0.56020238 0.63864902 0.62880775 1.         0.55326903 0.54698114]
/wallet/account/{id}/pay:
  options:
    Descripcion: description generate chat gpt
    Vector de grupo: [0.56278441 0.34031936 0.48540273 0.33541194 0.5159681  0.38516992
 0.54721539 0.47978465 0.5978778  0.44783814 0.23633971 0.33019434
 0.3758963  0.34410848 0.40549975 0.16238123 0.51166901 0.45734256
 0.56020238 0.63864902 0.62880775 1.         0.55326903 0.54698114]
  post:
    Descripcion: send payment account hold wallet
    Vector de grupo: [0. 0. 0. 0. 0. 0. 0. 0. 0. 0. 0. 0. 0. 0. 0. 0. 0. 0. 0. 0. 0. 0. 0. 0.]
