/channels:
  get:
    Descripcion: enumerate active channel application
    Vector de grupo: [ 0.4655284   0.26903755  0.19753737  0.26845704  0.13277839  0.21466548
  0.24108753  0.42131906  0.29566956  0.25251147  0.35938299  0.25341847
  0.26500364  0.23593441  0.29838712 -0.03357856  0.33470265  0.27615098
  0.02384131  0.40899385  0.23449187  0.22598946  0.25032717  0.44738776
  0.21367399  0.28759581  0.41364362  0.13465689  0.20419506  0.09685864
  0.11731917  0.10909971  0.09123202  0.3406521   0.43288735  0.20893386
  0.17438669  0.11766797  0.20453432 -0.04204669  0.38624136  0.32860798
  0.24809709  0.26596899  0.18206463  1.        ]
/channels/{channel_id}:
  get:
    Descripcion: metadata channel
    Vector de grupo: [ 0.4655284   0.26903755  0.19753737  0.26845704  0.13277839  0.21466548
  0.24108753  0.42131906  0.29566956  0.25251147  0.35938299  0.25341847
  0.26500364  0.23593441  0.29838712 -0.03357856  0.33470265  0.27615098
  0.02384131  0.40899385  0.23449187  0.22598946  0.25032717  0.44738776
  0.21367399  0.28759581  0.41364362  0.13465689  0.20419506  0.09685864
  0.11731917  0.10909971  0.09123202  0.3406521   0.43288735  0.20893386
  0.17438669  0.11766797  0.20453432 -0.04204669  0.38624136  0.32860798
  0.24809709  0.26596899  0.18206463  1.        ]
/channels/{channel_id}/messages:
  get:
    Descripcion: message history channel
    Vector de grupo: [ 0.4655284   0.26903755  0.19753737  0.26845704  0.13277839  0.21466548
  0.24108753  0.42131906  0.29566956  0.25251147  0.35938299  0.25341847
  0.26500364  0.23593441  0.29838712 -0.03357856  0.33470265  0.27615098
  0.02384131  0.40899385  0.23449187  0.22598946  0.25032717  0.44738776
  0.21367399  0.28759581  0.41364362  0.13465689  0.20419506  0.09685864
  0.11731917  0.10909971  0.09123202  0.3406521   0.43288735  0.20893386
  0.17438669  0.11766797  0.20453432 -0.04204669  0.38624136  0.32860798
  0.24809709  0.26596899  0.18206463  1.        ]
  post:
    Descripcion: publish message specified channel
    Vector de grupo: [ 0.4655284   0.26903755  0.19753737  0.26845704  0.13277839  0.21466548
  0.24108753  0.42131906  0.29566956  0.25251147  0.35938299  0.25341847
  0.26500364  0.23593441  0.29838712 -0.03357856  0.33470265  0.27615098
  0.02384131  0.40899385  0.23449187  0.22598946  0.25032717  0.44738776
  0.21367399  0.28759581  0.41364362  0.13465689  0.20419506  0.09685864
  0.11731917  0.10909971  0.09123202  0.3406521   0.43288735  0.20893386
  0.17438669  0.11766797  0.20453432 -0.04204669  0.38624136  0.32860798
  0.24809709  0.26596899  0.18206463  1.        ]
/channels/{channel_id}/presence:
  get:
    Descripcion: presence channel
    Vector de grupo: [ 0.4655284   0.26903755  0.19753737  0.26845704  0.13277839  0.21466548
  0.24108753  0.42131906  0.29566956  0.25251147  0.35938299  0.25341847
  0.26500364  0.23593441  0.29838712 -0.03357856  0.33470265  0.27615098
  0.02384131  0.40899385  0.23449187  0.22598946  0.25032717  0.44738776
  0.21367399  0.28759581  0.41364362  0.13465689  0.20419506  0.09685864
  0.11731917  0.10909971  0.09123202  0.3406521   0.43288735  0.20893386
  0.17438669  0.11766797  0.20453432 -0.04204669  0.38624136  0.32860798
  0.24809709  0.26596899  0.18206463  1.        ]
/channels/{channel_id}/presence/history:
  get:
    Descripcion: presence channel
    Vector de grupo: [ 0.4655284   0.26903755  0.19753737  0.26845704  0.13277839  0.21466548
  0.24108753  0.42131906  0.29566956  0.25251147  0.35938299  0.25341847
  0.26500364  0.23593441  0.29838712 -0.03357856  0.33470265  0.27615098
  0.02384131  0.40899385  0.23449187  0.22598946  0.25032717  0.44738776
  0.21367399  0.28759581  0.41364362  0.13465689  0.20419506  0.09685864
  0.11731917  0.10909971  0.09123202  0.3406521   0.43288735  0.20893386
  0.17438669  0.11766797  0.20453432 -0.04204669  0.38624136  0.32860798
  0.24809709  0.26596899  0.18206463  1.        ]
/keys/{keyName}/requestToken:
  post:
    Descripcion: tokenrequest token ably use documentation spec mean client obtain access
    Vector de grupo: [ 0.4655284   0.26903755  0.19753737  0.26845704  0.13277839  0.21466548
  0.24108753  0.42131906  0.29566956  0.25251147  0.35938299  0.25341847
  0.26500364  0.23593441  0.29838712 -0.03357856  0.33470265  0.27615098
  0.02384131  0.40899385  0.23449187  0.22598946  0.25032717  0.44738776
  0.21367399  0.28759581  0.41364362  0.13465689  0.20419506  0.09685864
  0.11731917  0.10909971  0.09123202  0.3406521   0.43288735  0.20893386
  0.17438669  0.11766797  0.20453432 -0.04204669  0.38624136  0.32860798
  0.24809709  0.26596899  0.18206463  1.        ]
/push/channelSubscriptions:
  delete:
    Descripcion: delete device detail object
    Vector de grupo: [ 0.4655284   0.26903755  0.19753737  0.26845704  0.13277839  0.21466548
  0.24108753  0.42131906  0.29566956  0.25251147  0.35938299  0.25341847
  0.26500364  0.23593441  0.29838712 -0.03357856  0.33470265  0.27615098
  0.02384131  0.40899385  0.23449187  0.22598946  0.25032717  0.44738776
  0.21367399  0.28759581  0.41364362  0.13465689  0.20419506  0.09685864
  0.11731917  0.10909971  0.09123202  0.3406521   0.43288735  0.20893386
  0.17438669  0.11766797  0.20453432 -0.04204669  0.38624136  0.32860798
  0.24809709  0.26596899  0.18206463  1.        ]
  get:
    Descripcion: list push notification subscription channel
    Vector de grupo: [ 0.4655284   0.26903755  0.19753737  0.26845704  0.13277839  0.21466548
  0.24108753  0.42131906  0.29566956  0.25251147  0.35938299  0.25341847
  0.26500364  0.23593441  0.29838712 -0.03357856  0.33470265  0.27615098
  0.02384131  0.40899385  0.23449187  0.22598946  0.25032717  0.44738776
  0.21367399  0.28759581  0.41364362  0.13465689  0.20419506  0.09685864
  0.11731917  0.10909971  0.09123202  0.3406521   0.43288735  0.20893386
  0.17438669  0.11766797  0.20453432 -0.04204669  0.38624136  0.32860798
  0.24809709  0.26596899  0.18206463  1.        ]
  post:
    Descripcion: device subscribe single associate client id receive push notification message
    Vector de grupo: [ 0.4655284   0.26903755  0.19753737  0.26845704  0.13277839  0.21466548
  0.24108753  0.42131906  0.29566956  0.25251147  0.35938299  0.25341847
  0.26500364  0.23593441  0.29838712 -0.03357856  0.33470265  0.27615098
  0.02384131  0.40899385  0.23449187  0.22598946  0.25032717  0.44738776
  0.21367399  0.28759581  0.41364362  0.13465689  0.20419506  0.09685864
  0.11731917  0.10909971  0.09123202  0.3406521   0.43288735  0.20893386
  0.17438669  0.11766797  0.20453432 -0.04204669  0.38624136  0.32860798
  0.24809709  0.26596899  0.18206463  1.        ]
/push/channels:
  get:
    Descripcion: return paginated response channel name
    Vector de grupo: [0.54162351 0.25818239 0.07158129 0.29829291 0.01392735 0.24228557
 0.27835643 0.63325799 0.41944765 0.43236053 0.40866262 0.37375587
 0.57382644 0.21245787 0.09087134 0.08693562 0.16293285 0.33119694
 0.3188473  0.3631319  0.29866066 0.31035431 0.37099259 0.41631317
 1.         0.65663668 0.62890029 0.42041683 0.63635174 0.37008992
 0.51741805 0.53020155 0.41110284 0.63603265 0.60770077 0.32324206
 0.54860348 0.47113641 0.60975685 0.27259015 0.66482771 0.61503765
 0.61940879 0.64551669 0.57499881 0.21367399]
/push/deviceRegistrations:
  delete:
    Descripcion: unregister device subscription receive push notification channel delete
    Vector de grupo: [0.54162351 0.25818239 0.07158129 0.29829291 0.01392735 0.24228557
 0.27835643 0.63325799 0.41944765 0.43236053 0.40866262 0.37375587
 0.57382644 0.21245787 0.09087134 0.08693562 0.16293285 0.33119694
 0.3188473  0.3631319  0.29866066 0.31035431 0.37099259 0.41631317
 1.         0.65663668 0.62890029 0.42041683 0.63635174 0.37008992
 0.51741805 0.53020155 0.41110284 0.63603265 0.60770077 0.32324206
 0.54860348 0.47113641 0.60975685 0.27259015 0.66482771 0.61503765
 0.61940879 0.64551669 0.57499881 0.21367399]
  get:
    Descripcion: device list detail registe push notification
    Vector de grupo: [0.54162351 0.25818239 0.07158129 0.29829291 0.01392735 0.24228557
 0.27835643 0.63325799 0.41944765 0.43236053 0.40866262 0.37375587
 0.57382644 0.21245787 0.09087134 0.08693562 0.16293285 0.33119694
 0.3188473  0.3631319  0.29866066 0.31035431 0.37099259 0.41631317
 1.         0.65663668 0.62890029 0.42041683 0.63635174 0.37008992
 0.51741805 0.53020155 0.41110284 0.63603265 0.60770077 0.32324206
 0.54860348 0.47113641 0.60975685 0.27259015 0.66482771 0.61503765
 0.61940879 0.64551669 0.57499881 0.21367399]
  post:
    Descripcion: push register device detail include information necessary deliver notification require
    Vector de grupo: [0.54162351 0.25818239 0.07158129 0.29829291 0.01392735 0.24228557
 0.27835643 0.63325799 0.41944765 0.43236053 0.40866262 0.37375587
 0.57382644 0.21245787 0.09087134 0.08693562 0.16293285 0.33119694
 0.3188473  0.3631319  0.29866066 0.31035431 0.37099259 0.41631317
 1.         0.65663668 0.62890029 0.42041683 0.63635174 0.37008992
 0.51741805 0.53020155 0.41110284 0.63603265 0.60770077 0.32324206
 0.54860348 0.47113641 0.60975685 0.27259015 0.66482771 0.61503765
 0.61940879 0.64551669 0.57499881 0.21367399]
/push/deviceRegistrations/{device_id}:
  delete:
    Descripcion: device unregister single id subscription receive push notification channel delete
    Vector de grupo: [0.54162351 0.25818239 0.07158129 0.29829291 0.01392735 0.24228557
 0.27835643 0.63325799 0.41944765 0.43236053 0.40866262 0.37375587
 0.57382644 0.21245787 0.09087134 0.08693562 0.16293285 0.33119694
 0.3188473  0.3631319  0.29866066 0.31035431 0.37099259 0.41631317
 1.         0.65663668 0.62890029 0.42041683 0.63635174 0.37008992
 0.51741805 0.53020155 0.41110284 0.63603265 0.60770077 0.32324206
 0.54860348 0.47113641 0.60975685 0.27259015 0.66482771 0.61503765
 0.61940879 0.64551669 0.57499881 0.21367399]
  get:
    Descripcion: detail device
    Vector de grupo: [0.54162351 0.25818239 0.07158129 0.29829291 0.01392735 0.24228557
 0.27835643 0.63325799 0.41944765 0.43236053 0.40866262 0.37375587
 0.57382644 0.21245787 0.09087134 0.08693562 0.16293285 0.33119694
 0.3188473  0.3631319  0.29866066 0.31035431 0.37099259 0.41631317
 1.         0.65663668 0.62890029 0.42041683 0.63635174 0.37008992
 0.51741805 0.53020155 0.41110284 0.63603265 0.60770077 0.32324206
 0.54860348 0.47113641 0.60975685 0.27259015 0.66482771 0.61503765
 0.61940879 0.64551669 0.57499881 0.21367399]
  patch:
    Descripcion: specific attribute exist registration update clientid metadata pushrecipient mutable
    Vector de grupo: [0.54162351 0.25818239 0.07158129 0.29829291 0.01392735 0.24228557
 0.27835643 0.63325799 0.41944765 0.43236053 0.40866262 0.37375587
 0.57382644 0.21245787 0.09087134 0.08693562 0.16293285 0.33119694
 0.3188473  0.3631319  0.29866066 0.31035431 0.37099259 0.41631317
 1.         0.65663668 0.62890029 0.42041683 0.63635174 0.37008992
 0.51741805 0.53020155 0.41110284 0.63603265 0.60770077 0.32324206
 0.54860348 0.47113641 0.60975685 0.27259015 0.66482771 0.61503765
 0.61940879 0.64551669 0.57499881 0.21367399]
  put:
    Descripcion: registration device upserted exist replace entirely operation clientid metadata pushrecipient
    Vector de grupo: [0.54162351 0.25818239 0.07158129 0.29829291 0.01392735 0.24228557
 0.27835643 0.63325799 0.41944765 0.43236053 0.40866262 0.37375587
 0.57382644 0.21245787 0.09087134 0.08693562 0.16293285 0.33119694
 0.3188473  0.3631319  0.29866066 0.31035431 0.37099259 0.41631317
 1.         0.65663668 0.62890029 0.42041683 0.63635174 0.37008992
 0.51741805 0.53020155 0.41110284 0.63603265 0.60770077 0.32324206
 0.54860348 0.47113641 0.60975685 0.27259015 0.66482771 0.61503765
 0.61940879 0.64551669 0.57499881 0.21367399]
/push/deviceRegistrations/{device_id}/resetUpdateToken:
  get:
    Descripcion: get update device detail object
    Vector de grupo: [0.54162351 0.25818239 0.07158129 0.29829291 0.01392735 0.24228557
 0.27835643 0.63325799 0.41944765 0.43236053 0.40866262 0.37375587
 0.57382644 0.21245787 0.09087134 0.08693562 0.16293285 0.33119694
 0.3188473  0.3631319  0.29866066 0.31035431 0.37099259 0.41631317
 1.         0.65663668 0.62890029 0.42041683 0.63635174 0.37008992
 0.51741805 0.53020155 0.41110284 0.63603265 0.60770077 0.32324206
 0.54860348 0.47113641 0.60975685 0.27259015 0.66482771 0.61503765
 0.61940879 0.64551669 0.57499881 0.21367399]
/push/publish:
  post:
    Descripcion: device convenience endpoint deliver push notification payload single set identify
    Vector de grupo: [0.54162351 0.25818239 0.07158129 0.29829291 0.01392735 0.24228557
 0.27835643 0.63325799 0.41944765 0.43236053 0.40866262 0.37375587
 0.57382644 0.21245787 0.09087134 0.08693562 0.16293285 0.33119694
 0.3188473  0.3631319  0.29866066 0.31035431 0.37099259 0.41631317
 1.         0.65663668 0.62890029 0.42041683 0.63635174 0.37008992
 0.51741805 0.53020155 0.41110284 0.63603265 0.60770077 0.32324206
 0.54860348 0.47113641 0.60975685 0.27259015 0.66482771 0.61503765
 0.61940879 0.64551669 0.57499881 0.21367399]
/stats:
  get:
    Descripcion: usage application ably system query obtain statistic give result provide
    Vector de grupo: [0.49410889 0.33946069 0.131357   0.37541282 0.0385723  0.48259391
 0.40788485 0.73451097 0.52370022 0.46899321 0.55115421 0.51355255
 0.6099699  0.19935723 0.19418334 0.05935688 0.21384073 0.37422721
 0.18368757 0.47846044 0.35407832 0.34931411 0.48626651 0.47975179
 0.65663668 1.         0.70664902 0.46996284 0.70768276 0.48421219
 0.67184548 0.63788125 0.58939485 0.75172468 0.77764242 0.26004401
 0.74768847 0.53940144 0.63593875 0.29737967 0.82665153 0.79620304
 0.79788631 0.83187748 0.75797037 0.28759581]
/time:
  get:
    Descripcion: return service time millisecond epoch
    Vector de grupo: [0.49410889 0.33946069 0.131357   0.37541282 0.0385723  0.48259391
 0.40788485 0.73451097 0.52370022 0.46899321 0.55115421 0.51355255
 0.6099699  0.19935723 0.19418334 0.05935688 0.21384073 0.37422721
 0.18368757 0.47846044 0.35407832 0.34931411 0.48626651 0.47975179
 0.65663668 1.         0.70664902 0.46996284 0.70768276 0.48421219
 0.67184548 0.63788125 0.58939485 0.75172468 0.77764242 0.26004401
 0.74768847 0.53940144 0.63593875 0.29737967 0.82665153 0.79620304
 0.79788631 0.83187748 0.75797037 0.28759581]
